0.000000 349 1 0
0.005118 348 2 0
0.027940 347 3 0
0.029028 346 4 0
0.029492 345 5 0
0.031063 344 6 0
0.033829 343 7 0
0.035742 342 8 0
0.037998 341 9 0
0.042049 340 10 0
0.056072 339 11 0
0.068433 338 12 0
0.071198 337 13 0
0.074705 336 14 0
0.083833 335 15 0
0.084444 334 16 0
0.084523 333 17 0
0.084545 332 18 0
0.088110 331 19 0
0.089101 330 20 0
0.089166 329 21 0
0.089507 328 22 0
0.089968 327 23 0
0.092745 326 24 0
0.093149 325 25 0
0.093433 324 26 0
0.094628 323 27 0
0.096823 322 28 0
0.097082 321 29 0
0.098995 320 30 0
0.100541 319 31 0
0.102755 318 32 0
0.103135 317 33 0
0.103314 316 34 0
0.104801 315 35 0
0.107429 314 36 0
0.107867 313 37 0
0.109449 312 38 0
0.110599 311 39 0
0.112095 310 40 0
0.113704 309 41 0
0.114645 308 42 0
0.115221 307 43 0
0.115587 306 44 0
0.116709 305 45 0
0.117266 304 46 0
0.117387 303 47 0
0.117810 302 48 0
0.118274 301 49 0
0.118476 300 50 0
0.119414 299 51 0
0.119551 298 52 0
0.119634 297 53 0
0.119830 296 54 0
0.119906 295 55 0
0.120811 294 56 0
0.121350 293 57 0
0.122207 292 58 0
0.122661 291 59 0
0.123335 290 60 0
0.123998 289 61 0
0.124229 288 62 0
0.124876 287 63 0
0.126472 286 64 0
0.127454 285 65 0
0.128019 284 66 0
0.129202 283 67 0
0.129654 282 68 0
0.129672 281 69 0
0.130501 280 70 0
0.131128 279 71 0
0.131185 278 72 0
0.134317 277 73 0
0.134528 276 74 0
0.134981 275 75 0
0.135693 274 76 0
0.136264 273 77 0
0.137196 272 78 0
0.137460 271 79 0
0.137487 270 80 0
0.137491 269 81 0
0.137668 268 82 0
0.137783 267 83 0
0.137892 266 84 0
0.138706 265 85 0
0.138786 264 86 0
0.139861 263 87 0
0.141071 262 88 0
0.141360 261 89 0
0.141766 260 90 0
0.142065 259 91 0
0.142324 258 92 0
0.142342 257 93 0
0.143945 256 94 0
0.144007 255 95 0
0.145063 254 96 0
0.145177 253 97 0
0.146040 252 98 0
0.146319 251 99 0
0.146332 250 100 0
0.146519 249 101 0
0.147104 248 102 0
0.147548 247 103 0
0.148336 246 104 0
0.149461 245 105 0
0.149536 244 106 0
0.149656 243 107 0
0.149710 242 108 0
0.150286 241 109 0
0.150453 240 110 0
0.150876 239 111 0
0.152757 238 112 0
0.152958 237 113 0
0.153487 236 114 0
0.153757 235 115 0
0.153922 234 116 0
0.153963 233 117 0
0.154188 232 118 0
0.155240 231 119 0
0.155951 230 120 0
0.156134 229 121 0
0.156331 228 122 0
0.156519 227 123 0
0.156598 226 124 0
0.156781 225 125 0
0.157117 224 126 0
0.157289 223 127 0
0.157468 222 128 0
0.157514 221 129 0
0.157601 220 130 0
0.158051 219 131 0
0.158169 218 132 0
0.158204 217 133 0
0.158387 216 134 0
0.158408 215 135 0
0.159106 214 136 0
0.159124 213 137 0
0.159242 212 138 0
0.159405 211 139 0
0.159465 210 140 0
0.159540 209 141 0
0.160213 208 142 0
0.160315 207 143 0
0.160569 206 144 0
0.161927 205 145 0
0.162507 204 146 0
0.162579 203 147 0
0.163475 202 148 0
0.163587 201 149 0
0.164006 200 150 0
0.164195 199 151 0
0.164570 198 152 0
0.165029 197 153 0
0.165924 196 154 0
0.165989 195 155 0
0.166056 194 156 0
0.166376 193 157 0
0.166427 192 158 0
0.166863 191 159 0
0.167189 190 160 0
0.167945 189 161 0
0.168326 188 162 0
0.168475 187 163 0
0.168990 186 164 0
0.169379 185 165 0
0.169600 184 166 0
0.169766 183 167 0
0.170446 182 168 0
0.171419 181 169 0
0.172210 180 170 0
0.172426 179 171 0
0.172909 178 172 0
0.173062 177 173 0
0.173309 176 174 0
0.173385 175 175 0
0.174009 174 176 0
0.174024 173 177 0
0.174098 172 178 0
0.174161 171 179 0
0.174370 170 180 0
0.174484 169 181 0
0.175005 168 182 0
0.175170 167 183 0
0.175400 166 184 0
0.175759 165 185 0
0.176297 164 186 0
0.176527 163 187 0
0.177494 162 188 0
0.177916 161 189 0
0.178769 160 190 0
0.179456 159 191 0
0.179509 159 190 1
0.179736 158 191 1
0.180440 157 192 1
0.180766 156 193 1
0.180961 155 194 1
0.180983 154 195 1
0.181137 153 196 1
0.181735 152 197 1
0.181748 151 198 1
0.181891 150 199 1
0.181939 149 200 1
0.182250 148 201 1
0.182373 147 202 1
0.182743 146 203 1
0.182790 145 204 1
0.183097 144 205 1
0.183192 143 206 1
0.183315 142 207 1
0.183455 141 208 1
0.183503 140 209 1
0.183956 139 210 1
0.184055 138 211 1
0.184057 137 212 1
0.184604 136 213 1
0.185233 135 214 1
0.185934 134 215 1
0.186200 133 216 1
0.186850 132 217 1
0.187022 131 218 1
0.187202 130 219 1
0.187469 129 220 1
0.188555 128 221 1
0.188813 127 222 1
0.188857 126 223 1
0.189098 125 224 1
0.189472 124 225 1
0.190636 123 226 1
0.190918 122 227 1
0.191123 121 228 1
0.191310 120 229 1
0.191439 119 230 1
0.192111 118 231 1
0.192149 117 232 1
0.192253 117 231 2
0.192707 116 232 2
0.193242 115 233 2
0.193339 114 234 2
0.193916 113 235 2
0.194254 112 236 2
0.194421 111 237 2
0.194530 110 238 2
0.194546 109 239 2
0.194936 108 240 2
0.195402 107 241 2
0.196090 106 242 2
0.196402 105 243 2
0.196598 105 242 3
0.196685 104 243 3
0.196812 103 244 3
0.196957 102 245 3
0.196967 101 246 3
0.197705 100 247 3
0.197963 99 248 3
0.198134 98 249 3
0.198224 97 250 3
0.198656 96 251 3
0.199504 95 252 3
0.199818 94 253 3
0.200280 93 254 3
0.200298 92 255 3
0.200419 91 256 3
0.200829 90 257 3
0.201042 89 258 3
0.201081 88 259 3
0.201787 87 260 3
0.201916 86 261 3
0.202085 85 262 3
0.202136 84 263 3
0.202575 83 264 3
0.203087 82 265 3
0.203242 82 264 4
0.203662 81 265 4
0.204100 80 266 4
0.204173 79 267 4
0.204758 78 268 4
0.205539 77 269 4
0.205652 76 270 4
0.207149 76 269 5
0.207368 76 268 6
0.207461 75 269 6
0.208478 74 270 6
0.209003 74 269 7
0.209111 74 268 8
0.209813 74 267 9
0.209907 73 268 9
0.210077 72 269 9
0.210417 71 270 9
0.211021 70 271 9
0.211673 70 270 10
0.211694 69 271 10
0.212345 68 272 10
0.212456 67 273 10
0.212521 66 274 10
0.212616 65 275 10
0.213547 64 276 10
0.213831 63 277 10
0.214001 62 278 10
0.214217 61 279 10
0.214580 60 280 10
0.215232 59 281 10
0.215372 58 282 10
0.215811 57 283 10
0.216256 56 284 10
0.216399 55 285 10
0.218486 54 286 10
0.218491 53 287 10
0.219054 52 288 10
0.219164 51 289 10
0.219805 50 290 10
0.219976 49 291 10
0.220687 48 292 10
0.221706 47 293 10
0.223081 46 294 10
0.223825 45 295 10
0.224299 44 296 10
0.225128 43 297 10
0.225777 43 296 11
0.226213 42 297 11
0.226580 41 298 11
0.227321 40 299 11
0.227445 39 300 11
0.227987 38 301 11
0.228095 38 300 12
0.228322 37 301 12
0.228820 36 302 12
0.229525 35 303 12
0.229570 34 304 12
0.231256 33 305 12
0.233066 32 306 12
0.233308 31 307 12
0.235182 30 308 12
0.235328 29 309 12
0.235400 28 310 12
0.236662 27 311 12
0.238688 27 310 13
0.238861 26 311 13
0.239573 25 312 13
0.242561 24 313 13
0.245298 23 314 13
0.245318 22 315 13
0.248032 21 316 13
0.249783 20 317 13
0.251106 19 318 13
0.251167 18 319 13
0.252098 17 320 13
0.253786 17 319 14
0.254684 16 320 14
0.255941 16 319 15
0.256246 15 320 15
0.257779 14 321 15
0.257954 14 320 16
0.259758 13 321 16
0.263564 12 322 16
0.263850 11 323 16
0.271244 10 324 16
0.273352 9 325 16
0.274262 8 326 16
0.276269 7 327 16
0.277127 7 326 17
0.279955 7 325 18
0.281665 6 326 18
0.283434 5 327 18
0.285215 5 326 19
0.286792 5 325 20
0.290395 4 326 20
0.291788 4 325 21
0.294784 4 324 22
0.297895 3 325 22
0.299167 3 324 23
0.302953 2 325 23
0.309122 1 326 23
0.313015 1 325 24
0.316899 1 324 25
0.321032 1 323 26
0.325135 1 322 27
0.338334 1 321 28
0.338891 0 322 28
0.341207 0 321 29
0.343700 0 320 30
0.345587 0 319 31
0.359793 0 318 32
0.366090 0 317 33
0.373899 0 316 34
0.397732 0 315 35
0.400878 0 314 36
0.407562 0 313 37
0.418566 0 312 38
0.419659 0 311 39
0.426344 0 310 40
0.435131 0 309 41
0.436259 0 308 42
0.437569 0 307 43
0.444630 0 306 44
0.457252 0 305 45
0.458318 0 304 46
0.471906 0 303 47
0.480365 0 302 48
0.483974 0 301 49
0.492997 0 300 50
0.493829 0 299 51
0.498614 0 298 52
0.518845 0 297 53
0.521601 0 296 54
0.525957 0 295 55
0.537866 0 294 56
0.547540 0 293 57
0.552543 0 292 58
0.558761 0 291 59
0.574661 0 290 60
0.575954 0 289 61
0.587311 0 288 62
0.592425 0 287 63
0.594454 0 286 64
0.609109 0 285 65
0.612373 0 284 66
0.614921 0 283 67
0.624974 0 282 68
0.626695 0 281 69
0.635416 0 280 70
0.651385 0 279 71
0.653888 0 278 72
0.656498 0 277 73
0.661504 0 276 74
0.667070 0 275 75
0.684027 0 274 76
0.689257 0 273 77
0.695786 0 272 78
0.697749 0 271 79
0.698586 0 270 80
0.699856 0 269 81
0.701309 0 268 82
0.702276 0 267 83
0.706347 0 266 84
0.707878 0 265 85
0.710844 0 264 86
0.727386 0 263 87
0.729380 0 262 88
0.740361 0 261 89
0.750118 0 260 90
0.754495 0 259 91
0.763594 0 258 92
0.764698 0 257 93
0.771229 0 256 94
0.773092 0 255 95
0.776064 0 254 96
0.789902 0 253 97
0.793946 0 252 98
0.809670 0 251 99
0.811177 0 250 100
0.823941 0 249 101
0.829519 0 248 102
0.839294 0 247 103
0.859156 0 246 104
0.859944 0 245 105
0.871880 0 244 106
0.874241 0 243 107
0.875504 0 242 108
0.876749 0 241 109
0.878413 0 240 110
0.887570 0 239 111
0.896236 0 238 112
0.898392 0 237 113
0.904003 0 236 114
0.908014 0 235 115
0.914425 0 234 116
0.956470 0 233 117
0.961163 0 232 118
0.971671 0 231 119
0.973582 0 230 120
0.983175 0 229 121
0.989183 0 228 122
0.995527 0 227 123
1.006120 0 226 124
1.012888 0 225 125
1.014139 0 224 126
1.020070 0 223 127
1.020582 0 222 128
1.027172 0 221 129
1.032204 0 220 130
1.037018 0 219 131
1.043483 0 218 132
1.049274 0 217 133
1.054126 0 216 134
1.058748 0 215 135
1.063891 0 214 136
1.064246 0 213 137
1.065484 0 212 138
1.066046 0 211 139
1.078729 0 210 140
1.084545 0 209 141
1.084848 0 208 142
1.092074 0 207 143
1.093000 0 206 144
1.099574 0 205 145
1.104916 0 204 146
1.124698 0 203 147
1.136801 0 202 148
1.138490 0 201 149
1.139880 0 200 150
1.153062 0 199 151
1.173985 0 198 152
1.182703 0 197 153
1.183902 0 196 154
1.185726 0 195 155
1.186448 0 194 156
1.187087 0 193 157
1.211961 0 192 158
1.213246 0 191 159
1.214391 0 190 160
1.233328 0 189 161
1.238253 0 188 162
1.242583 0 187 163
1.248221 0 186 164
1.266708 0 185 165
1.267817 0 184 166
1.283453 0 183 167
1.305411 0 182 168
1.327693 0 181 169
1.333067 0 180 170
1.347445 0 179 171
1.363929 0 178 172
1.377794 0 177 173
1.378527 0 176 174
1.380563 0 175 175
1.398798 0 174 176
1.401796 0 173 177
1.402990 0 172 178
1.405721 0 171 179
1.409258 0 170 180
1.420824 0 169 181
1.427554 0 168 182
1.429304 0 167 183
1.433405 0 166 184
1.461313 0 165 185
1.467266 0 164 186
1.472145 0 163 187
1.495876 0 162 188
1.508382 0 161 189
1.514591 0 160 190
1.552416 0 159 191
1.563594 0 158 192
1.565558 0 157 193
1.579346 0 156 194
1.583350 0 155 195
1.589013 0 154 196
1.596077 0 153 197
1.618560 0 152 198
1.620047 0 151 199
1.629769 0 150 200
1.630601 0 149 201
1.674005 0 148 202
1.734926 0 147 203
1.747409 0 146 204
1.754332 0 145 205
1.771675 0 144 206
1.785296 0 143 207
1.807245 0 142 208
1.811654 0 141 209
1.815189 0 140 210
1.834754 0 139 211
1.836698 0 138 212
1.846450 0 137 213
1.871193 0 136 214
1.890267 0 135 215
1.897596 0 134 216
1.922410 0 133 217
1.924704 0 132 218
1.925264 0 131 219
1.939334 0 130 220
1.949893 0 129 221
2.013650 0 128 222
2.027567 0 127 223
2.036939 0 126 224
2.040278 0 125 225
2.053798 0 124 226
2.066785 0 123 227
2.074759 0 122 228
2.084630 0 121 229
2.103285 0 120 230
2.107677 0 119 231
2.128264 0 118 232
2.130873 0 117 233
2.152305 0 116 234
2.155245 0 115 235
2.156480 0 114 236
2.162782 0 113 237
2.182693 0 112 238
2.209397 0 111 239
2.213137 0 110 240
2.224157 0 109 241
2.236157 0 108 242
2.236895 0 107 243
2.259767 0 106 244
2.281425 0 105 245
2.330573 0 104 246
2.354784 0 103 247
2.375347 0 102 248
2.381577 0 101 249
2.387518 0 100 250
2.401723 0 99 251
2.416686 0 98 252
2.427398 0 97 253
2.432397 0 96 254
2.461031 0 95 255
2.490804 0 94 256
2.500116 0 93 257
2.551507 0 92 258
2.578425 0 91 259
2.586477 0 90 260
2.638379 0 89 261
2.650809 0 88 262
2.651453 0 87 263
2.706809 0 86 264
2.720900 0 85 265
2.727307 0 84 266
2.733515 0 83 267
2.772451 0 82 268
2.778965 0 81 269
2.780632 0 80 270
2.780868 0 79 271
2.790959 0 78 272
2.798046 0 77 273
2.813108 0 76 274
2.821329 0 75 275
2.829521 0 74 276
2.868161 0 73 277
2.915513 0 72 278
2.929999 0 71 279
2.935769 0 70 280
2.953443 0 69 281
2.963994 0 68 282
2.979480 0 67 283
2.989683 0 66 284
3.000337 0 65 285
3.024875 0 64 286
3.045461 0 63 287
3.068354 0 62 288
3.083323 0 61 289
3.105618 0 60 290
3.141213 0 59 291
3.241608 0 58 292
3.327651 0 57 293
3.354095 0 56 294
3.377869 0 55 295
3.392898 0 54 296
3.492653 0 53 297
3.502813 0 52 298
3.593026 0 51 299
3.593951 0 50 300
3.594603 0 49 301
3.600353 0 48 302
3.619414 0 47 303
3.635012 0 46 304
3.667643 0 45 305
3.696391 0 44 306
3.747398 0 43 307
3.813126 0 42 308
3.822480 0 41 309
3.840352 0 40 310
3.850251 0 39 311
3.885457 0 38 312
3.937269 0 37 313
4.038766 0 36 314
4.040097 0 35 315
4.071407 0 34 316
4.202954 0 33 317
4.214135 0 32 318
4.427339 0 31 319
4.433336 0 30 320
4.450111 0 29 321
4.452907 0 28 322
4.469786 0 27 323
4.552891 0 26 324
4.568925 0 25 325
4.627117 0 24 326
4.629888 0 23 327
4.662982 0 22 328
4.745035 0 21 329
4.850044 0 20 330
4.947880 0 19 331
4.977956 0 18 332
5.558471 0 17 333
5.950021 0 16 334
5.985209 0 15 335
6.024047 0 14 336
6.085162 0 13 337
6.105009 0 12 338
6.443756 0 11 339
6.876374 0 10 340
7.373712 0 9 341
7.806690 0 8 342
8.373567 0 7 343
9.848241 0 6 344
10.017494 0 5 345
10.621184 0 4 346
10.771834 0 3 347
10.980564 0 2 348
11.572330 0 1 349
11.885186 0 0 350